HPF IIR filter coeficients: sampling rate = 32000, filter order = 6
polynomial order = 15, maximum allowed Fs = 12000Hz
Rp = 1.00, Rs = 70.00

Freq_factor = 3.00

DSP::Float const_32000_coef_b_0[16]
  = { -9.44926656399926, 3.27208842715611, 13.1320192699473, -9.01691498881594, -0.501001863869076, 0.128806676845158, 1.47898450396783, -0.606902435636278, -0.29554029279347, 0.7237662094879, -1.03653988502034, 1.22829801401847, -1.1584263227365, 0.788364421657449, -0.333842569532656, 0.0651647099323682 };
DSP::Float const_32000_coef_b_1[16]
  = { 63.4701029525516, -26.3408178257604, -81.349569490894, 57.87404384572, 3.04508611988898, -0.915579844508979, -9.86290104718519, 4.72967158745014, 0.886654470376457, -3.66782454979784, 5.94459639665447, -7.63209656093953, 7.44803549291231, -4.94891614916144, 1.92382167952739, -0.32203612480653 };
DSP::Float const_32000_coef_b_2[16]
  = { -168.546928266235, 75.9235577435678, 206.633895655833, -149.986860084974, -7.68392320013028, 2.54893688154253, 26.0662932123406, -13.4882088831654, -0.750696374035752, 7.97837904230929, -14.3355467358595, 19.5945686888903, -19.5232859153461, 12.6562002701787, -4.63399571214454, 0.721109870681674 };
DSP::Float const_32000_coef_b_3[16]
  = { 229.036014894254, -105.69426370489, -276.825888008646, 202.249907816415, 10.2817403174325, -3.52825178937236, -35.3584533898607, 18.7287385754761, 0.314708158244678, -10.0591762881001, 18.8468587178039, -26.3940834990843, 26.4782956463328, -16.9740314870808, 6.09513128997557, -0.927501809657109 };
DSP::Float const_32000_coef_b_4[16]
  = { -168.546927928784, 75.9235576568333, 206.633895263507, -149.986859984687, -7.68392301988256, 2.54893683576772, 26.0662931710967, -13.488208872812, -0.750696369170142, 7.97837904111411, -14.3355467361366, 19.5945686889563, -19.52328591534, 12.6562002701772, -4.63399571214454, 0.721109870681678 };
DSP::Float const_32000_coef_b_5[16]
  = { 63.4701026744335, -26.3408177459905, -81.3495691726176, 57.87404375579, 3.04508597579038, -0.915579804331822, -9.86290101465817, 4.72967157851076, 0.886654466589443, -3.6678245487767, 5.94459639686674, -7.63209656099569, 7.44803549290781, -4.94891614916019, 1.92382167952738, -0.322036124806534 };
DSP::Float const_32000_coef_b_6[16]
  = { -9.44926649210222, 3.27208840630732, 13.1320191873022, -9.01691496524298, -0.501001826255497, 0.128806666291669, 1.47898449542205, -0.606902433285574, -0.295540291790277, 0.723766209219388, -1.0365398850771, 1.22829801403321, -1.15842632273529, 0.788364421657125, -0.333842569532654, 0.0651647099323689 };

DSP::Float const_32000_coef_a_0[16]
  = { -8.99384718601753e-010, 1.62600673291453e-008, -9.70847134366176e-010, -1.6925473455478e-008, 1.25478895295383e-009, 6.86989914671806e-009, -4.47606883207148e-010, -1.360902254189e-009, 6.99264533575814e-011, 1.33648928562356e-010, -5.12227014976606e-012, -5.7609480650643e-012, 1.85906279395554e-013, 7.38807368406666e-014, -3.72979937811903e-015, 1 };
DSP::Float const_32000_coef_a_1[16]
  = { 43.5434640943241, -29.7711103440287, -37.5660428821844, 32.9329723647913, 0.661707809421321, -0.52431488684846, -6.0877484165171, 3.71847605717782, -0.780699733301441, -0.0823581448216253, 0.247915779558265, -0.270401252533407, -1.98424118619881, -1.3237303481422, 9.93464190773371, -0.422112492803415 };
DSP::Float const_32000_coef_a_2[16]
  = { -209.42764172326, 154.977619825427, 162.038098117174, -151.062269837559, -1.8696296888309, 1.59143877943207, 30.0970163978404, -19.5057615473921, 5.86848572605967, -1.20830180827656, 2.72352136453401, -8.58504349111417, -15.2926343183651, 36.6568169002763, -1.55951572873915, 1.47145831702546 };
DSP::Float const_32000_coef_a_3[16]
  = { 336.909386517378, -214.605097951487, -314.491262597973, 260.15960514491, 14.9898286815591, -12.8650901333011, -45.5423735048433, 38.6082929890998, -26.3811695610299, 19.4239136426615, 2.01609795520514, -53.4519246122207, 57.7850791636466, -2.54737324189098, 9.6965634159336, 0.0378584774014692 };
DSP::Float const_32000_coef_a_4[16]
  = { -254.74590504322, 93.9214627893685, 344.061518566506, -237.934884755874, -12.3690492318493, -1.43905316147127, 47.4552857203451, -22.391291884949, -9.4682731773292, 31.1042124364852, -46.9511040379568, 33.6443041684543, -13.2649435341721, 20.2523416762364, 1.36212953104087, 0.663220264918143 };
DSP::Float const_32000_coef_a_5[16]
  = { -6.58852236589844, 90.9973225526376, -130.349202069574, 48.6101868680844, 5.9769263244907, 1.17529634052728, -0.221157025874257, -14.0819468724363, 22.4635469089293, -23.9034180583574, 19.3895795797342, -12.8380645371139, 7.91123033499488, 1.00106153143931, 2.74017413924753, 0.161638733434545 };
DSP::Float const_32000_coef_a_6[16]
  = { 39.1959528776732, -46.8593329728845, -2.18810577514705, 17.0899590492959, -0.869721473624336, -0.344180043085749, -5.78540972681407, 6.88437759480546, -5.78912238294438, 4.58747704225807, -3.10077075730443, 1.84898548777585, -0.563682326791937, 0.541625822207722, 0.264776557376415, 0.170470412087324 };
