HPF IIR filter coeficients: sampling rate = 48000, filter order = 5
polynomial order = 15, maximum allowed Fs = 16000Hz
Rp = 1.00, Rs = 70.00

Freq_factor = 3.00

DSP_float const_48000_coef_b_0[16]
  = { -84.3344773993706, 66.5453610134697, 29.6462206171545, -22.7828266827464, -14.6016432519177, 11.0664479965637, -1.82324129571385, 1.31264982711929, -1.67327745838203, 1.34839039794341, -1.22235050702456, 1.29237124372211, -1.33214467787908, 1.07365392741399, -0.536800631367446, 0.119474988995836 };
DSP_float const_48000_coef_b_1[16]
  = { 411.320656540089, -324.509528163752, -144.584242097648, 110.937242355841, 71.4733678956378, -54.1621701741756, 8.93458025356416, -6.27173988605411, 7.88801435816735, -6.27443978965789, 5.75848322047164, -6.35490428470628, 6.85650662564909, -5.58062274780963, 2.68713496902504, -0.550045323373747 };
DSP_float const_48000_coef_b_2[16]
  = { -812.53479676896, 640.981049107289, 285.627244242648, -218.963405656878, -141.47525612774, 107.214728727788, -17.7176661757257, 12.2668422120364, -15.2911304197174, 12.0552686141141, -11.1290339447939, 12.5851269455223, -13.9450502840083, 11.3865819769622, -5.3588714485203, 1.05670231732974 };
DSP_float const_48000_coef_b_3[16]
  = { 812.534797090371, -640.981049204622, -285.627244495545, 218.963405740308, 141.475256200005, -107.214728755705, 17.7176661674749, -12.2668422074234, 15.2911304198012, -12.0552686145064, 11.129033944845, -12.5851269455061, 13.9450502840053, -11.3865819769625, 5.35887144852033, -1.05670231732974 };
DSP_float const_48000_coef_b_4[16]
  = { -411.320656775148, 324.509528290887, 144.584242282334, -110.937242469947, -71.4733679451063, 54.162170214594, -8.93458024976112, 6.2717398788731, -7.8880143576769, 6.27443979032848, -5.75848322056928, 6.35490428467512, -6.85650662564426, 5.58062274781021, -2.68713496902509, 0.550045323373746 };
DSP_float const_48000_coef_b_5[16]
  = { 84.3344774324487, -66.545361070115, -29.6462206343606, 22.7828267320419, 14.6016432515525, -11.0664480134976, 1.82324129759782, -1.31264982420523, 1.67327745791593, -1.34839039820636, 1.22235050707124, -1.2923712437103, 1.33214467787719, -1.07365392741421, 0.536800631367464, -0.119474988995836 };

DSP_float const_48000_coef_a_0[16]
  = { 6.87718828700037e-008, -4.65322845101009e-008, -4.88070118759474e-008, 3.45252047256887e-008, 1.35268958970278e-008, -9.97362132899941e-009, -1.93585226744849e-009, 1.42051824256843e-009, 1.66743619783749e-010, -1.03241774109153e-010, -9.40151284230985e-012, 3.41604884358978e-012, 2.87844057566088e-013, -2.77721986424546e-014, -2.21377952837789e-015, 1 };
DSP_float const_48000_coef_a_1[16]
  = { 154.120400687014, -120.54236900214, -55.9162476042458, 42.2690653712928, 27.5534288673264, -21.9817530315901, 5.32224163529388, -3.85776441183242, 3.35216532143655, -1.31670266488621, -0.0980219744559162, 0.26904891960492, -1.59930210918508, -0.657280031378605, 8.13046427532851, -0.888175279776642 };
DSP_float const_48000_coef_a_2[16]
  = { -538.733957019685, 421.671798477227, 195.74002491922, -149.460001481849, -94.12183603398, 75.4616529506201, -18.6700769941909, 15.1604189718402, -13.6619549918526, 5.33443894223816, 1.07501427446488, -5.16686883975335, -7.66268992732735, 23.6213139506992, -3.6995802996159, 1.25634756980408 };
DSP_float const_48000_coef_a_3[16]
  = { 889.866279431778, -702.974467577635, -307.996067798144, 231.55219083278, 162.081093002814, -119.649031906836, 15.596766325403, -4.5433899962838, 6.26574043929494, -6.62360616860062, 12.8320410468878, -26.519636536356, 27.5506799852909, -4.77133013805599, 5.44941580899301, -0.207561342454811 };
DSP_float const_48000_coef_a_4[16]
  = { -747.706198770224, 593.208078115189, 258.806302080619, -202.950138929127, -123.844319473607, 91.3052921598416, -10.7903725978173, 9.94534892018615, -18.2580676237199, 19.3359001686136, -19.5583110904588, 16.2649279016688, -8.83431197630417, 6.68561492525671, 0.532298270187781, 0.230484756225845 };
DSP_float const_48000_coef_a_5[16]
  = { 285.953024345653, -225.675162978569, -101.256770431088, 79.1355523847368, 47.4998567718057, -36.4889636016923, 6.57151797214833, -6.19554157817328, 8.16691608897739, -6.74554965627758, 5.00241945648825, -3.11615826937531, 1.8190233953302, -0.346178258978356, 0.418451984075915, 0.130123688862737 };
