HPF IIR filter coeficients: sampling rate = 11025, filter order = 7
polynomial order = 15, maximum allowed Fs = 4500Hz
Rp = 1.00, Rs = 70.00

Freq_factor = 3.00

DSP::Float const_11025_coef_b_0[16]
  = { -30.6401920135887, 31.3388102924972, 16.3484464743302, -20.1192024218408, -7.25095843414507, 8.73797049484386, 0.0113362505323261, -0.609369660797554, -0.868484153149478, 1.08670116164528, -1.11211412789894, 1.13681765942013, -0.945302186292084, 0.570984054658042, -0.21952184874059, 0.0400572264655474 };
DSP::Float const_11025_coef_b_1[16]
  = { 205.188368359008, -210.412488424242, -108.337397867335, 133.972252406215, 48.5279640185279, -58.0313183970356, -0.845602203056889, 5.03191204948259, 4.97585895056457, -6.94624773000232, 7.90542213223321, -8.66116536240233, 7.24214219040181, -4.10829312216148, 1.3754280019859, -0.198611118878085 };
DSP::Float const_11025_coef_b_2[16]
  = { -597.323475907887, 613.712736913107, 312.760840644715, -387.974963348211, -141.638613214448, 168.142380914896, 4.13687496729287, -16.9934749841042, -12.1794340431449, 19.0739007440819, -24.0930898104458, 27.9276987856133, -23.1542438624221, 12.319874288656, -3.72053437437241, 0.483540633176095 };
DSP::Float const_11025_coef_b_3[16]
  = { 980.437080270792, -1008.35142066419, -511.017190035804, 634.814913370516, 233.095412572769, -275.487982750117, -8.23297225163684, 30.1198362281926, 17.6398009862958, -29.9926124955634, 40.6089709181557, -48.6009476981275, 39.7818719224556, -20.3543373028854, 5.87145881888292, -0.728640086559147 };
DSP::Float const_11025_coef_b_4[16]
  = { -980.437080238017, 1008.35142064702, 511.017189995533, -634.814913350366, -233.095412552715, 275.48798274079, 8.23297224644893, -30.1198362260483, -17.6398009855587, 29.9926124953113, -40.6089709182111, 48.6009476981416, -39.7818719224536, 20.3543373028851, -5.87145881888294, 0.728640086559148 };
DSP::Float const_11025_coef_b_5[16]
  = { 597.323475802086, -613.712736882208, -312.760840508495, 387.974963312909, 141.638613144171, -168.142380899072, -4.13687494880186, 16.9934749805858, 12.1794340405361, -19.0739007436805, 24.093089810636, -27.9276987856352, 23.1542438624158, -12.3198742886555, 3.72053437437246, -0.483540633176096 };
DSP::Float const_11025_coef_b_6[16]
  = { -205.188368312474, 210.412488407451, 108.337397807368, -133.972252386693, -48.5279639873545, 58.0313183880983, 0.845602194727978, -5.03191204745107, -4.97585894936185, 6.94624772976629, -7.90542213232357, 8.66116536241532, -7.24214219039872, 4.10829312216118, -1.37542800198592, 0.198611118878086 };
DSP::Float const_11025_coef_b_7[16]
  = { 30.6401920014205, -31.338810289368, -16.3484464586402, 20.1192024183402, 7.25095842602527, -8.73797049330714, -0.0113362483856976, 0.6093696604627, 0.868484152844557, -1.08670116160786, 1.1121141279214, -1.13681765942211, 0.945302186291326, -0.570984054657997, 0.219521848740596, -0.0400572264655473 };

DSP::Float const_11025_coef_a_0[16]
  = { 2.86525198218086e-010, 1.40821754680871e-009, -4.25424905266927e-010, -1.91576640228048e-009, 2.6110026176957e-010, 1.00840584640711e-009, -8.33110024870182e-011, -2.57881836101347e-010, 1.48946324443986e-011, 3.25936476893187e-011, -1.54741902089099e-012, -1.75786904557507e-012, 8.73373105248514e-014, 1.73576565301992e-014, -1.26537875322987e-015, 1 };
DSP::Float const_11025_coef_a_1[16]
  = { 50.9609504786165, -51.9569979757547, -26.4811966633073, 30.955347280427, 14.9716832827423, -16.2724718739463, 0.389850904655111, 1.66203587981899, -0.0469000612990342, 0.344012469406948, -0.508725006655071, 0.512123367198994, -3.2144377932584, -1.76949412478561, 11.6825074246969, 0.0586713834263517 };
DSP::Float const_11025_coef_a_2[16]
  = { -270.650972769232, 273.358525223068, 144.270960509934, -163.342338078758, -84.5957594448663, 91.1055833267877, -5.26500119690585, -6.76648287443387, 0.150355750993018, -2.20768796882644, 11.5818363293588, -21.8908652971921, -21.5601154482268, 50.9884402081989, 2.38966150804614, 1.84915467295047 };
DSP::Float const_11025_coef_a_3[16]
  = { 701.155359716321, -714.904054924365, -369.806947040909, 439.494115880559, 194.465982644801, -224.538807642894, 15.2355186243672, 17.8924736899225, -13.57477107087, 43.7990271412095, -28.3980779825336, -86.773780107702, 93.6633605096221, 10.7551148137888, 15.4540131701799, 0.64804276064125 };
DSP::Float const_11025_coef_a_4[16]
  = { -1047.92136609432, 1097.65220085331, 505.937228766314, -654.480638301186, -242.933950748366, 268.536320331391, 49.6598952590763, -76.1197364105922, 4.54675033502058, 63.7323613610539, -123.292633709293, 59.9383065457816, 0.395840847645907, 40.8877780717563, 6.25474681777354, 1.23493175550845 };
DSP::Float const_11025_coef_a_5[16]
  = { 967.952510796368, -998.152318222513, -513.38628654376, 661.23253394489, 187.605971890444, -244.891628598191, -11.9111731343042, 9.73586746100266, 56.6080419261704, -68.61113475913, 46.3531723135223, -38.9331755391503, 28.4082441116433, 13.0597840047714, 6.27879325490443, 0.641267553191332 };
DSP::Float const_11025_coef_a_6[16]
  = { -481.204385960488, 483.999914346405, 275.867792473398, -332.45524713208, -109.063633473336, 141.858869950711, -11.2422745458194, 6.10487401031755, -28.4609029447573, 24.6778329637396, -16.3763260205268, 8.60315348368325, -1.6440658366506, 5.10352265084344, 2.76422918424741, 0.346791180198479 };
DSP::Float const_11025_coef_a_7[16]
  = { 107.332687486907, -107.606901104901, -61.1773383110052, 71.8024425501671, 27.3889151365356, -33.5956234252336, 2.9848517373988, -0.562536451761099, 4.57698861955919, -3.52832275921065, 1.90570125217837, -0.807831999126614, 0.581613057924511, 0.227358700299675, 0.367209748249259, 0.181197781240733 };
