HPF IIR filter coeficients: sampling rate = 16000, filter order = 7
polynomial order = 15, approximation limit Fa_max = 6000Hz
maximum allowed F_min = 80Hz, maximum allowed F_max = 6000Hz
Rp = 1.00, Rs = 70.00

Freq_factor = 3.00

DSP_float const_16000_coef_b_0[16]
  = { -91.0567096393908, 74.0289223332983, 50.7156880656681, -40.8355292926863, -21.0545131920323, 16.0912109643698, 1.20959977854113, -0.839646463865986, -1.45701906777084, 1.4766356968477, -1.43635784601212, 1.45219912445549, -1.20298827106684, 0.730488571299946, -0.283933854144002, 0.0525137323584146 };
DSP_float const_16000_coef_b_1[16]
  = { 609.349307968216, -496.170408488686, -337.636214540299, 271.720577058282, 141.460670133383, -107.380198911124, -9.04338196654563, 6.96206466041761, 8.45754222726633, -9.18973762323075, 9.92746662164762, -10.8707644700805, 9.18667671691098, -5.32860032327958, 1.84238706432168, -0.278143552371708 };
DSP_float const_16000_coef_b_2[16]
  = { -1773.38405675459, 1445.46083691934, 978.894101968257, -786.893899745572, -413.694137669527, 312.389063260164, 28.2197808166422, -23.4272651919002, -21.2147863385681, 24.6204600071627, -29.5001544150929, 34.5750324489259, -29.378386232321, 16.2229772590608, -5.13248375130915, 0.702129443726588 };
DSP_float const_16000_coef_b_3[16]
  = { 2910.67308663307, -2373.56417410621, -1603.51813978162, 1287.84105129611, 681.244834697934, -512.99747507522, -47.838245062371, 41.3608922696566, 31.4466862886375, -38.1079986220462, 48.9530976652074, -59.7162135689294, 50.5699518041052, -27.0681612880762, 8.21679172307412, -1.07628425635726 };
DSP_float const_16000_coef_b_4[16]
  = { -2910.6730866506, 2373.56417412413, 1603.51813979682, -1287.84105131433, -681.244834703018, 512.997475082322, 47.8382450632751, -41.3608922709708, -31.4466862887465, 38.1079986221614, -48.9530976651978, 59.7162135689254, -50.5699518041057, 27.0681612880762, -8.21679172307411, 1.07628425635725 };
DSP_float const_16000_coef_b_5[16]
  = { 1773.38405675315, -1445.46083691575, -978.894101962171, 786.89389974239, 413.694137663188, -312.389063258854, -28.2197808140111, 23.4272651915986, 21.2147863380732, -24.6204600071297, 29.5001544151341, -34.5750324489266, 29.3783862323197, -16.2229772590609, 5.13248375130916, -0.702129443726586 };
DSP_float const_16000_coef_b_6[16]
  = { -609.349307993692, 496.170408498064, 337.636214567185, -271.720577068709, -141.460670144115, 107.380198915554, 9.0433819685514, -6.96206466133091, -8.45754222744179, 9.18973762332823, -9.92746662164127, 10.870764470075, -9.18667671691108, 5.32860032327976, -1.84238706432167, 0.278143552371706 };
DSP_float const_16000_coef_b_7[16]
  = { 91.056709630603, -74.0289223361525, -50.7156880551966, 40.8355292958398, 21.0545131869213, -16.0912109657114, -1.20959977724757, 0.839646464145329, 1.45701906759453, -1.4766356968779, 1.43635784602426, -1.45219912445379, 1.20298827106649, -0.730488571299997, 0.283933854144005, -0.052513732358414 };

DSP_float const_16000_coef_a_0[16]
  = { 5.79288820156388e-009, 2.50726488538949e-009, -6.25121909601202e-009, -2.60738258319931e-009, 2.60415985054017e-009, 1.0482208686146e-009, -5.21268353889525e-010, -2.05368847595156e-010, 4.95722748233421e-011, 2.03046012378254e-011, -1.60434125142585e-012, -9.46148798365918e-013, -3.98958009772178e-014, 1.85376701491046e-014, 2.09891469103081e-015, 1 };
DSP_float const_16000_coef_a_1[16]
  = { 154.9286012175, -124.135559989532, -87.387157943073, 66.0996194627209, 41.0691910711397, -30.9371181157348, -0.591786649746827, 1.67481988506387, 0.778980797495677, 0.24611654512745, -0.695203847215487, 0.660994739659827, -3.3279096439926, -1.28166326009359, 11.8344080913866, -0.52645314429793 };
DSP_float const_16000_coef_a_2[16]
  = { -830.27790704118, 659.127691518461, 477.398656816009, -355.227748136932, -226.330773055055, 172.65021612683, -2.37070529847181, -4.93173988831505, -5.50238193873121, -1.4567551982133, 12.6685227793343, -24.9034771688213, -16.922344342473, 53.8672116303551, -2.83200683097242, 1.85896943413446 };
DSP_float const_16000_coef_a_3[16]
  = { 2115.34027507645, -1702.49441707846, -1190.7990050483, 921.37095296187, 537.30007105272, -415.683342093738, 1.59292959406836, 13.5108101485485, 0.4599516629729, 46.539791049968, -43.2438211568767, -77.9012044781414, 110.141758223834, -4.47386061935376, 15.1208897895837, -0.106148454809399 };
DSP_float const_16000_coef_a_4[16]
  = { -3088.29280192877, 2549.8623862043, 1635.41339579853, -1315.28032014856, -734.455702482881, 521.983067502038, 102.585212807674, -108.898212278178, 11.5708080254139, 60.7163759564111, -140.129359813662, 92.7450997381223, -14.7736636574116, 41.8788875618762, 2.1566544034955, 1.02531919036699 };
DSP_float const_16000_coef_a_5[16]
  = { 2827.20537710831, -2330.31531279114, -1541.74849088531, 1296.2978688702, 587.685163228247, -444.743434297535, -66.9632851954451, 25.5364952714737, 76.8798998388697, -91.4868088333085, 68.4291479277014, -53.092865451411, 37.5173626232228, 8.17605651660384, 5.21082740241437, 0.357502311289136 };
DSP_float const_16000_coef_a_6[16]
  = { -1430.21583607264, 1154.19211775605, 821.777888499066, -671.802638597039, -312.29629927555, 251.231048885392, 6.57151966030879, 7.9699542278005, -45.0301433916477, 37.171351731681, -24.6263841430384, 13.6388124760597, -3.84563150069493, 5.50047219410691, 2.23962503006967, 0.222171164610173 };
DSP_float const_16000_coef_a_7[16]
  = { 322.665522676397, -258.321198052245, -187.00369275856, 148.502966279885, 75.7711108058586, -60.4876692652979, 0.126154259714734, -1.4023860987446, 8.07151823086043, -5.65779016792628, 3.05680899541819, -1.41490898963722, 0.803155345154619, 0.125583865750344, 0.349340104906074, 0.163417107301877 };
