HPF IIR filter coeficients: sampling rate = 8000, filter order = 7
polynomial order = 17, approximation limit Fa_max = 3400Hz, maximum allowed F_max = 3400Hz
Rp = 1.00, Rs = 70.00

Freq_factor = 3.00

DSP_float const_8000_coef_b_0[18]
  = { -37.1645927546778, 35.0319910715653, 30.9277092084723, -30.1212965426453, -16.2395266717605, 15.6059413218523, 2.43337327570939, -2.65729078559073, -1.07674218704158, 1.04838644218849, -0.639083804152204, 0.79508493259742, -0.97963711651474, 1.01188170728561, -0.836685172965734, 0.503447612777543, -0.19242314696806, 0.0348628413906646 };
DSP_float const_8000_coef_b_1[18]
  = { 248.489182278524, -234.24998607345, -206.476683745426, 200.671597727506, 109.277598848972, -104.638841809527, -16.353044444796, 18.1586160252539, 6.53030837222202, -6.21670128460732, 3.61835787279402, -5.12718194993586, 7.05780228230893, -7.76390651756915, 6.41189423561932, -3.59088063065946, 1.18125966308949, -0.166383369540989 };
DSP_float const_8000_coef_b_2[18]
  = { -722.852334973228, 681.304233692342, 600.21239790825, -582.113472419812, -319.742431788446, 305.347984664691, 47.5248384052763, -53.531596846229, -17.5011456547076, 16.0848794451488, -8.66907190159582, 14.1485876097022, -21.7703162755974, 25.169521226963, -20.4703526240684, 10.6668841913893, -3.14088736221556, 0.397079073926651 };
DSP_float const_8000_coef_b_3[18]
  = { 1186.24119446498, -1117.83838734031, -984.780966177079, 953.831492765623, 526.534017138569, -502.124399476522, -77.7933727583538, 88.3534202890401, 27.4047288547901, -24.4692637630785, 12.2979963019086, -22.2876595182534, 36.9659796708158, -43.9281089015149, 35.1048462047778, -17.5169089611171, 4.9165574350866, -0.59272479939561 };
DSP_float const_8000_coef_b_4[18]
  = { -1186.24119446934, 1117.83838737234, 984.780966117734, -953.831492790066, -526.534017060657, 502.124399478679, 77.7933727201018, -88.3534202865698, -27.4047288456523, 24.4692637623356, -12.2979963030345, 22.2876595183197, -36.9659796707436, 43.9281089015139, -35.1048462047804, 17.5169089611171, -4.91655743508656, 0.592724799395609 };
DSP_float const_8000_coef_b_5[18]
  = { 722.852335084189, -681.30423381129, -600.212398003514, 582.113472549364, 319.742431805024, -305.347984713213, -47.5248383990273, 53.5315968522795, 17.501145652112, -16.0848794447739, 8.6690719019287, -14.1485876098364, 21.7703162755745, -25.1695212269544, 20.4703526240699, -10.6668841913896, 3.14088736221552, -0.397079073926647 };
DSP_float const_8000_coef_b_6[18]
  = { -248.489182258523, 234.249986103285, 206.476683662466, -200.671597750127, -109.277598764414, 104.638841810014, 16.3530444068262, -18.1586160215446, -6.53030836352866, 6.21670128341796, -3.61835787384746, 5.12718195007796, -7.05780228224016, 7.76390651756223, -6.41189423562188, 3.59088063065965, -1.18125966308945, 0.166383369540987 };
DSP_float const_8000_coef_b_7[18]
  = { 37.1645927414655, -35.0319910727054, -30.9277091783777, 30.1212965394596, 16.2395266468534, -15.6059413169369, -2.43337326564548, 2.65729078315008, 1.07674218486936, -1.04838644163169, 0.639083804408159, -0.795084932658436, 0.979637116498026, -1.01188170728255, 0.836685172966365, -0.503447612777619, 0.19242314696805, -0.0348628413906636 };

DSP_float const_8000_coef_a_0[18]
  = { 1.40298276214948e-008, -2.47019308761192e-008, -2.10596511717043e-008, 3.69652318151474e-008, 1.30903041096484e-008, -2.225623105094e-008, -4.40202797491443e-009, 6.87938562696639e-009, 8.77780054811809e-010, -1.15164115152909e-009, -1.0576443788922e-010, 1.00519410585561e-010, 7.26543242242907e-012, -3.97410658771083e-012, -2.34627541377575e-013, 5.48570182601989e-014, 2.17718204197124e-015, 1 };
DSP_float const_8000_coef_a_1[18]
  = { 64.3956969095312, -59.4013439926012, -55.584977987372, 51.8967323951535, 30.5062930264912, -29.172092908282, -2.80748594838284, 3.67513217816364, 2.04072997734227, -1.09315013852882, -0.311828328499188, 0.581742246612258, -0.421207799230305, 0.441677576374086, -3.16675190817132, -2.01099882133485, 11.5870182159814, 0.352533677376228 };
DSP_float const_8000_coef_a_2[18]
  = { -347.841820937719, 318.806746644615, 304.62074112983, -282.965731723468, -165.514560614973, 159.795557562574, 12.4817882650407, -17.0187319415385, -13.4514294193467, 7.39972450321807, 1.95640717575234, -3.46733287589993, 11.0569373656975, -20.3984951081662, -23.6934462793479, 49.2721598529459, 4.92241870757109, 1.94167349260069 };
DSP_float const_8000_coef_a_3[18]
  = { 873.821951761648, -812.023793691289, -745.246457457511, 706.422199781559, 401.406051998525, -385.165382949153, -41.8421862736852, 45.923380205284, 36.5479047777799, -17.5945938709888, -17.9031869167821, 44.6882882611973, -21.4571866345277, -90.0779191882151, 84.7177926007314, 17.5173226184237, 16.1709265859209, 1.0466625838804 };
DSP_float const_8000_coef_a_4[18]
  = { -1248.57093894348, 1180.09979056679, 1021.22932159079, -978.676525452776, -575.201188242021, 536.577118451152, 87.4728452664517, -114.167962068395, 6.75784175646243, -9.80899371717041, 2.10936653345902, 58.9564152785674, -114.313796210621, 45.1685513811623, 5.70287660662516, 41.1245397258335, 8.32423232445581, 1.41901308261766 };
DSP_float const_8000_coef_a_5[18]
  = { 1136.76667622699, -1088.33636746797, -917.069398005101, 917.101170949279, 473.70334659721, -451.508900620144, -96.695853533958, 100.04287823473, 26.2518910237001, -43.6991514421971, 47.5305610001013, -54.494353624314, 37.3373260173571, -33.8782010107194, 24.7332421900208, 15.0731002661701, 6.99051037278694, 0.808603308903219 };
DSP_float const_8000_coef_a_6[18]
  = { -584.90116797359, 553.466902075803, 487.840599109401, -485.875219080133, -240.289163233075, 237.066313149833, 39.4689491433358, -37.1650426817365, -27.1537538597757, 29.8161625277417, -21.931653091715, 17.7312121388894, -13.3281310715513, 6.84399475340424, -0.863514082773189, 5.00791866851149, 3.01932167740686, 0.419838038749273 };
DSP_float const_8000_coef_a_7[18]
  = { 133.196355628924, -124.714251346452, -113.204018349435, 110.538138906477, 56.9665451487261, -56.1489686743605, -7.44014939564061, 7.40872055746349, 6.33798285499595, -5.84467310802608, 3.26759462166871, -2.2724103619931, 1.50354919042289, -0.61834305776113, 0.50918983678917, 0.268951392146068, 0.379772749463843, 0.190624875299947 };
