HPF IIR filter coeficients: sampling rate = 44100, filter order = 5
polynomial order = 15, maximum allowed Fs = 16000Hz
Rp = 1.00, Rs = 70.00

Freq_factor = 3.00

DSP_float const_44100_coef_b_0[16]
  = { -40.8133111034496, 33.8895045116595, 18.847329345539, -15.1947115546253, -9.42477603593282, 7.42619230971507, -0.645558352609908, 0.496076938854295, -1.08431126441908, 0.959963170423649, -0.934620356286994, 1.0546238916063, -1.12519859180013, 0.911148194979014, -0.449241470387591, 0.0977276236668037 };
DSP_float const_44100_coef_b_1[16]
  = { 199.027249992369, -165.256125658726, -91.862592763669, 73.9545426520794, 46.1248182840872, -36.309294027372, 3.13276805890274, -2.28498651759334, 5.06283372641968, -4.45720756361435, 4.42471253133414, -5.23221385124609, 5.83455034500654, -4.74114457911311, 2.23173860787472, -0.44156793840222 };
DSP_float const_44100_coef_b_2[16]
  = { -393.129244937548, 326.407796555827, 181.412984599747, -145.92718293034, -91.2950477750664, 71.8377015502249, -6.18707968059101, 4.37929686357893, -9.7562623591828, 8.54855703005063, -8.57299058182999, 10.4127068199784, -11.916413700881, 9.67568755678482, -4.42954812867856, 0.840848544654599 };
DSP_float const_44100_coef_b_3[16]
  = { 393.129244973179, -326.407796574811, -181.412984644295, 145.927182953847, 91.2950477971874, -71.8377015617786, 6.18707967506628, -4.37929686073255, 9.75626235990425, -8.54855703041442, 8.57299058178393, -10.4127068199561, 11.9164137008822, -9.67568755678533, 4.42954812867855, -0.840848544654598 };
DSP_float const_44100_coef_b_4[16]
  = { -199.027250045784, 165.256125701219, 91.8625928208035, -73.9545426988905, -46.1248183089733, 36.3092940482355, -3.1327680532908, 2.28498651281994, -5.06283372709947, 4.4572075641962, -4.42471253129333, 5.23221385121123, -5.83455034500753, 4.74114457911389, -2.2317386078747, 0.441567938402218 };
DSP_float const_44100_coef_b_5[16]
  = { 40.8133111229081, -33.8895045231803, -18.8473293655981, 15.1947115679093, 9.42477604416557, -7.42619231588897, 0.645558350909314, -0.496076937391889, 1.08431126460141, -0.959963170606583, 0.934620356277709, -1.0546238915951, 1.12519859180032, -0.911148194979275, 0.449241470387588, -0.097727623666803 };

DSP_float const_44100_coef_a_0[16]
  = { 1.38743864328528e-009, -8.05857046689022e-009, 2.15654666305511e-009, 6.74757878339228e-009, -2.41677588812143e-009, -2.06044182117905e-009, 8.18754371842465e-010, 2.69184057792651e-010, -1.21317049787736e-010, -1.21290225631372e-011, 7.85695291230576e-012, -1.74127465317545e-013, -1.76313100938189e-013, 2.29054840369946e-014, 1.07047891668319e-016, 0.999999999999999 };
DSP_float const_44100_coef_a_1[16]
  = { 74.2897239496436, -61.0298401371475, -35.2892300733806, 27.7195656524304, 18.1257050142614, -14.9016737826026, 2.50524590927211, -1.70919873296164, 1.88180198949665, -0.582959526524743, -0.313467405609885, 0.222191902572628, -1.55575710550754, -0.86648274008178, 8.06304810042136, -0.53008720899321 };
DSP_float const_44100_coef_a_2[16]
  = { -259.912364348373, 213.506654188214, 124.002297797808, -98.2810197368452, -62.070887003855, 51.5368320259397, -9.21991405878524, 7.53520992727385, -7.94656254558472, 2.25776274379739, 1.95049782610924, -4.8251215499291, -8.54708929642556, 22.5456118058436, -1.65733374123839, 1.1382627203051 };
DSP_float const_44100_coef_a_3[16]
  = { 430.233796777069, -358.669828171951, -194.261051833566, 154.308514549904, 103.393230828709, -78.42442540527, 2.61373221114548, 2.47691362196808, 3.06558569259311, -5.56980917988738, 11.3890010622865, -23.8345729074752, 23.098857383192, -1.41735175799768, 5.18013965647541, 0.0263536472637262 };
DSP_float const_44100_coef_a_4[16]
  = { -362.960952213118, 303.047884777783, 165.912224400881, -136.938839641767, -79.232036356261, 61.4059224286932, -2.74352210799606, 4.34409495064692, -13.3239213474934, 14.7723832798484, -15.1953194072974, 12.4347832130929, -6.30757542033455, 5.68893824109907, 1.07698671588847, 0.266388130964615 };
DSP_float const_44100_coef_a_5[16]
  = { 138.542774519674, -114.85264612432, -64.7810089824371, 52.9049346368041, 30.867424817363, -24.8775221068881, 2.84839794172402, -3.2091306571742, 5.58894311857889, -4.74854079732779, 3.54429170148601, -2.17704645764674, 1.35456028091717, -0.13757611673053, 0.397521631635138, 0.148096199551947 };
