HPF IIR filter coeficients: sampling rate = 22050, filter order = 7
polynomial order = 15, maximum allowed Fs = 8000Hz
Rp = 1.00, Rs = 70.00

Freq_factor = 3.00

DSP_float const_22050_coef_b_0[16]
  = { -116.640830840123, 99.087280920671, 55.6806724494748, -50.2175843874645, -22.3801113161201, 19.1849581989388, 0.376842794924469, -0.729822326640509, -1.60837706276489, 1.6487352258199, -1.59235773638164, 1.59156455459737, -1.31457256885771, 0.799464268617279, -0.311883632541822, 0.0579563991619151 };
DSP_float const_22050_coef_b_1[16]
  = { 780.522029408292, -663.861837914548, -370.626417807094, 334.067065797204, 150.702702487292, -128.235150316201, -3.5096652053764, 6.38729704595922, 9.26196080515293, -10.1629323703966, 10.8859958860253, -11.8284682369662, 10.0186548111681, -5.85483678528604, 2.04668938790399, -0.313665217303473 };
DSP_float const_22050_coef_b_2[16]
  = { -2271.57705149961, 1933.49595940504, 1074.56268538675, -967.414305022562, -441.558123326703, 373.57964123798, 12.0969946412942, -22.0670775138648, -23.0702818029851, 26.9871508548864, -32.0317407842749, 37.4064343816835, -32.0162946841609, 17.9053360389391, -5.75593579125268, 0.801569413261232 };
DSP_float const_22050_coef_b_3[16]
  = { 3728.45945390039, -3174.58536070885, -1760.35655817043, 1583.35153970272, 727.916210906134, -613.969613712611, -21.288834714151, 39.3722035051765, 34.0495825288518, -41.5327648377968, 52.8309695549465, -64.3999689233774, 55.1181073155175, -29.9643545056065, 9.2586332028443, -1.23587005801234 };
DSP_float const_22050_coef_b_4[16]
  = { -3728.4594537186, 3174.58536066681, 1760.35655797213, -1583.35153965914, -727.916210820485, 613.969613694445, 21.2888346957441, -39.3722035014104, -34.0495825268184, 41.5327648374106, -52.8309695550552, 64.3999689233942, -55.118107315515, 29.9643545056063, -9.25863320284432, 1.23587005801234 };
DSP_float const_22050_coef_b_5[16]
  = { 2271.577051247, -1933.49595929993, -1074.56268511844, 967.414304910799, 441.55812321471, -373.579641191234, -12.0969946183519, 22.0670775043046, 23.0702818006347, -26.987150853924, 32.0317407843855, -37.4064343817252, 32.0162946841588, -17.9053360389386, 5.7559357912527, -0.80156941326123 };
DSP_float const_22050_coef_b_6[16]
  = { -780.522029165681, 663.861837827439, 370.626417549696, -334.067065709518, -150.702702379415, 128.23515028159, 3.50966518290594, -6.38729703928568, -9.26196080274978, 10.1629323697635, -10.8859958861493, 11.8284682369919, -10.0186548111654, 5.85483678528577, -2.04668938790401, 0.313665217303471 };
DSP_float const_22050_coef_b_7[16]
  = { 116.640830785023, -99.087280902526, -55.6806723902861, 50.2175843689323, 22.3801112909247, -19.1849581915259, -0.376842789556083, 0.729822325191937, 1.60837706216882, -1.64873522568036, 1.59235773641457, -1.59156455460313, 1.3145725688569, -0.799464268617218, 0.31188363254183, -0.0579563991619146 };

DSP_float const_22050_coef_a_0[16]
  = { -1.16122936635947e-008, -2.16011163566679e-009, 1.12338722846232e-008, 3.16991397833969e-009, -4.30146002201843e-009, -1.65631766517402e-009, 8.11554780270253e-010, 4.1351802232576e-010, -7.5401903630526e-011, -5.37983058887829e-011, 2.93980910622789e-012, 3.65217056225025e-012, -3.26312323467545e-014, -1.1490451162732e-013, 3.78168391710316e-016, 1 };
DSP_float const_22050_coef_a_1[16]
  = { 199.28730088003, -166.777822125244, -97.1773126097458, 82.3773536186146, 44.4022627701324, -37.3248026971449, 1.49812325578697, 1.18644629398055, 1.02982635320916, 0.172501932212959, -0.744877250943817, 0.725006267693744, -3.37790682269469, -1.09775675504714, 11.8779131484696, -0.74322151041204 };
DSP_float const_22050_coef_a_2[16]
  = { -1069.44768847707, 887.655879991422, 532.965842235485, -444.796574577633, -244.370386974939, 208.089048372347, -14.7989557400493, -1.29054157014296, -7.52565285093049, -0.851826018057584, 12.9399543921451, -26.0643554062606, -15.0624007064735, 54.7445643973964, -4.81796734389387, 1.92885061279883 };
DSP_float const_22050_coef_a_3[16]
  = { 2717.18962978895, -2284.68649663092, -1318.49881629764, 1142.83802598778, 577.052033989052, -497.789213654806, 28.803702678698, 5.38266699864961, 5.32316217296891, 46.7438151563163, -48.7243079439872, -73.7232791883895, 115.697774481148, -10.6681377756109, 15.3967295099913, -0.384770831628356 };
DSP_float const_22050_coef_a_4[16]
  = { -3952.90828540627, 3399.80232046936, 1790.50345774208, -1612.25821926008, -795.604025016153, 632.741782999871, 77.9122507669527, -115.646011661846, 18.9909360246087, 57.9648440291909, -146.13232360196, 105.867667646873, -22.0452636013859, 42.8835966339608, 0.608304922711785, 0.999989960266857 };
DSP_float const_22050_coef_a_5[16]
  = { 3610.55239321259, -3108.27809337006, -1676.11506592679, 1578.84729056331, 618.637204779993, -527.010630855566, -51.3436725850139, 27.87645762202, 81.1427324084438, -100.870592938642, 78.5077048702195, -59.8339518881728, 41.6524229579423, 6.00774983570948, 4.95074250721076, 0.264733109950506 };
DSP_float const_22050_coef_a_6[16]
  = { -1831.06466976136, 1547.74482144564, 900.90765846368, -825.388132700038, -325.333175265141, 295.401078374974, -5.94340489244674, 11.6972184546449, -50.6393874526148, 42.9128804106405, -28.7734014282615, 16.0916178959802, -4.93631297125506, 5.74020212107306, 2.03434327414727, 0.183089556393679 };
DSP_float const_22050_coef_a_7[16]
  = { 413.948764155152, -347.115444305077, -206.284514653137, 183.595393567296, 79.7152073411456, -71.5821701593641, 3.66706207980565, -2.57210487331465, 9.31057918179652, -6.68299230924338, 3.67783761041877, -1.72571724765676, 0.918990863876762, 0.0785246504798105, 0.345579716379302, 0.157067186071327 };
