LPF IIR filter coeficients: sampling rate = 16000, filter order = 7
polynomial order = 15, approximation limit Fa_max = 4000Hz, maximum allowed F_max = 6200Hz
Rp = 1.00, Rs = 70.00

Freq_factor = 3.00

DSP_float const_16000_coef_b_0[16]
  = { 0.00151892933939362, 0.00122942949491483, 0.00173608391913544, 0.00126267978647003, 0.0064568658357801, 0.00556011023892215, 0.0209897624708027, 0.0240862640835039, 0.0529901345210118, 0.0710744137666457, 0.0995670634987877, 0.0962605243812091, 0.0732470567708978, 0.0373726949809698, 0.0122969218821936, 0.00190431464404525 };
DSP_float const_16000_coef_b_1[16]
  = { 0.00932472440324849, 0.00555364714027013, 0.0081104808956617, -0.000134508989381838, 0.0364103934902633, 0.0212969749196917, 0.134344184110876, 0.179003950907207, 0.367802297080235, 0.630145057170071, 0.800003299222924, 0.736558879035209, 0.420580129868989, 0.146704348275996, 0.0185390172837606, -0.00155175333511139 };
DSP_float const_16000_coef_b_2[16]
  = { 0.026176798829404, 0.0110309289835967, 0.0161578432414122, -0.0222820936083578, 0.0876469622954929, 0.0142903479231164, 0.357894243163432, 0.572225521893851, 1.06196598176601, 2.27640490849853, 2.81470023531876, 2.12212403801734, 0.926228037044616, 0.17419666623641, 0.0153263201366562, 0.00360928571510779 };
DSP_float const_16000_coef_b_3[16]
  = { 0.0427967674371517, 0.0142365447441307, 0.0204291482438318, -0.0578081591200606, 0.125839475318378, -0.0281370707559807, 0.541861539989951, 0.99700894815401, 1.70226874674349, 4.20551124984745, 5.2500288181352, 3.2134953306414, 1.06936186894237, 0.234045084153432, 0.0311687374927002, 0.00032695566019797 };
DSP_float const_16000_coef_b_4[16]
  = { 0.0427798973570689, 0.014236085776561, 0.0204379899148433, -0.0578078094858838, 0.12583758621703, -0.0281371676188699, 0.541861751726486, 0.997008961182982, 1.70226873340976, 4.20551124893041, 5.2500288186022, 3.21349533067439, 1.0693618689341, 0.234045084152894, 0.0311687374927544, 0.000326955660201068 };
DSP_float const_16000_coef_b_5[16]
  = { 0.0261835917484432, 0.0110311437545358, 0.0161542123559623, -0.0222822718161619, 0.0876477582689556, 0.0142904000108195, 0.357894150952712, 0.572225514613056, 1.06196598781798, 2.27640490902499, 2.81470023509608, 2.12212403799815, 0.926228037048779, 0.174196666236721, 0.0153263201366278, 0.00360928571510606 };
DSP_float const_16000_coef_b_6[16]
  = { 0.00932024612655161, 0.00555358866393439, 0.0081127568205294, -0.000134450992229799, 0.0364099247633233, 0.0212969572628468, 0.134344234449336, 0.179003953369207, 0.36780229405579, 0.630145056995813, 0.800003299324111, 0.736558879041372, 0.420580129867256, 0.1467043482759, 0.0185390172837717, -0.00155175333511084 };
DSP_float const_16000_coef_b_7[16]
  = { 0.00151671876772733, 0.00122958246065846, 0.0017372313664232, 0.00126261036085901, 0.00645662466481483, 0.00556012269681161, 0.0209897887604833, 0.0240862629726975, 0.0529901329415139, 0.0710744138163324, 0.0995670635499559, 0.0962605243803105, 0.0732470567700928, 0.0373726949809679, 0.0122969218821983, 0.00190431464404538 };

DSP_float const_16000_coef_a_0[16]
  = { -3.95382208454412e-006, 4.08203118075779e-007, 1.91593118562891e-006, -1.38658459019611e-007, -3.74798508140564e-007, 1.15845508017139e-008, 3.78585636722516e-008, 8.56952928947735e-010, -2.07798015471595e-009, -1.80091800302053e-010, 5.8297851892405e-011, 9.08605461587423e-012, -6.40058758596274e-013, -1.52848966211012e-013, 8.86048446384735e-016, 1 };
DSP_float const_16000_coef_a_1[16]
  = { 0.00778837015932892, 0.00427352754817235, -0.00131952234487612, -0.00522211635213862, -0.00723883449870292, -0.0147135437043687, -0.0131629909235286, 0.00578378482402624, -0.0314444854570136, -0.105367994336408, 0.241140868596601, -0.446762925055663, -2.54021904367036, 6.19503692866798, 7.51764024529505, -5.17513895233429 };
DSP_float const_16000_coef_a_2[16]
  = { 0.0551710517696247, 0.0366707998058787, -0.000726742324698124, -0.0103900282818043, -0.100192402712545, -0.071823888984574, 0.192937239861095, -0.647366454038627, -0.222930027722112, 1.37095326393972, -10.2353292770848, 2.82098779092466, 40.6652112883986, -3.18115591113657, -29.4059388475482, 12.4291269024232 };
DSP_float const_16000_coef_a_3[16]
  = { 0.0937226201593228, 0.0602014439983803, 0.203894282018393, 0.0429989577312878, 0.0702912596247463, 0.189916198510743, -3.22677354858991, -0.389508311280992, -1.71803723517323, -11.5264251416867, 43.0305660466736, 44.8717053728645, -70.964213939244, -15.9480972676543, 51.5431117714899, -17.7092033215015 };
DSP_float const_16000_coef_a_4[16]
  = { 0.00900145141563355, -0.0607497224600691, -0.229833809276014, -0.548759216920966, -0.188576648883954, -1.45871855487012, 2.71659041805405, 3.70483872265445, 2.49651991370478, 29.8144039447691, -13.5757315937141, -56.5863742477578, 55.5987777167228, 27.7545985887208, -50.3722553439652, 16.0764454492076 };
DSP_float const_16000_coef_a_5[16]
  = { -0.0467424261511597, -0.0523410390028075, 0.00604708686583261, 0.172204372021554, 0.454393460510189, 1.00412382239252, 2.01274913491502, 0.494114589112281, 5.29095363932082, -4.41486383040304, -4.15331152172235, 25.2855559647027, -19.0398382490731, -18.6399073447106, 28.3225314467138, -9.27484965982351 };
DSP_float const_16000_coef_a_6[16]
  = { 0.0282376803904163, 0.0588295627184091, 0.0956868250107445, 0.165325319226247, 0.250601367508015, 0.339508403537354, 0.38884792491801, 0.344619424225266, 0.520968559916547, -0.76015785167979, 2.51174120237982, -3.33768192040024, 0.678593371294736, 5.9042456890502, -8.38331062280947, 3.14895454770592 };
DSP_float const_16000_coef_a_7[16]
  = { 0.0123372366718014, 0.0172439954806271, 0.0191770785625402, 0.0259049584895072, 0.0334179076937935, 0.0377309104356386, 0.0389923860208084, 0.0321673626619489, 0.0340238986160421, -0.0122711192136343, 0.109523108671889, -0.270552491467658, 0.580523040811315, -0.900083095639913, 0.932883344414669, -0.48675736030891 };
