LPF IIR filter coeficients: sampling rate = 8000, filter order = 7
polynomial order = 15, approximation limit Fa_max = 2000Hz, maximum allowed F_max = 3200Hz
Rp = 1.00, Rs = 70.00

Freq_factor = 3.00

DSP_float const_8000_coef_b_0[16]
  = { 0.00142557611408202, 0.00115271033944521, 0.00178146722656277, 0.00129356986520764, 0.00644821515568009, 0.00555527159129778, 0.02099058642685, 0.0240866358003207, 0.0529900932730072, 0.0710743992921663, 0.099567064538535, 0.0962605246456374, 0.0732470567595775, 0.0373726949791907, 0.0122969218822285, 0.00190431464404716 };
DSP_float const_8000_coef_b_1[16]
  = { 0.00866995492408439, 0.00504814965242319, 0.00842695137785097, 6.90703370096019e-005, 0.0363503340227761, 0.0212650800020866, 0.134349886726119, 0.179006401513411, 0.367802012118823, 0.630144961733764, 0.800003306405996, 0.736558880779012, 0.420580129790508, 0.146704348264252, 0.0185390172840058, -0.0015517533350986 };
DSP_float const_8000_coef_b_2[16]
  = { 0.0242046446686363, 0.00952943233524985, 0.0171080206037342, -0.0216772072620119, 0.0874672078082222, 0.0141955484204695, 0.357911251289172, 0.572232808202404, 1.06196513559131, 2.27640462465661, 2.81470025650945, 2.12212404320349, 0.926228036815896, 0.174196666201555, 0.0153263201373476, 0.00360928571514459 };
DSP_float const_8000_coef_b_3[16]
  = { 0.0394387387204807, 0.0117216215399132, 0.0220464266415897, -0.0567949242558278, 0.125533469194493, -0.0282958868081127, 0.541890518810904, 0.997021157276358, 1.70226730218326, 4.20551077403702, 5.25002885445856, 3.21349533934424, 1.06936186854671, 0.234045084094718, 0.0311687374939288, 0.000326955660262163 };
DSP_float const_8000_coef_b_4[16]
  = { 0.0394316926456427, 0.0117232074605757, 0.0220492717672973, -0.0567955176278145, 0.125533028452962, -0.0282958036809893, 0.541890551142072, 0.997021152026455, 1.702267301087, 4.20551077416869, 5.25002885447133, 3.21349533934422, 1.06936186854674, 0.234045084094687, 0.0311687374939283, 0.000326955660262338 };
DSP_float const_8000_coef_b_5[16]
  = { 0.0242120079341917, 0.00952801865910536, 0.0171050045980547, -0.0216766434643309, 0.0874676893465142, 0.0141954611673094, 0.357911213595695, 0.572232814770364, 1.06196513708161, 2.276404624411, 2.81470025648168, 2.12212404320764, 0.926228036816113, 0.174196666201529, 0.015326320137347, 0.00360928571514462 };
DSP_float const_8000_coef_b_6[16]
  = { 0.0086661905146744, 0.00504950939353076, 0.00842858796311569, 6.85195233817336e-005, 0.0363500510920959, 0.021265167465507, 0.134349911435741, 0.179006394614656, 0.367802010973824, 0.630144962016315, 0.800003306433196, 0.73655888077328, 0.420580129790209, 0.146704348264302, 0.0185390172840069, -0.00155175333509872 };
DSP_float const_8000_coef_b_7[16]
  = { 0.00142753056841509, 0.00115207172562952, 0.00178063735506484, 0.001293841764386, 0.00644835568108394, 0.0055552255735613, 0.0209905742970763, 0.02408663974055, 0.0529900938397134, 0.0710743991128192, 0.0995670645244463, 0.0962605246497886, 0.0732470567597486, 0.0373726949791489, 0.0122969218822277, 0.00190431464404728 };

DSP_float const_8000_coef_a_0[16]
  = { -4.3868854045691e-006, -3.06844870825344e-007, 1.7815020326606e-006, 2.00442308791402e-007, -2.83057148866518e-007, -4.45244222462451e-008, 2.21952972501162e-008, 4.41577326608775e-009, -8.89176328703481e-010, -2.00147358950577e-010, 1.71951216294795e-011, 3.45009400559733e-012, -1.44075269254142e-013, 3.31171949707058e-016, 5.13852012296561e-016, 1 };
DSP_float const_8000_coef_a_1[16]
  = { 0.00737905425294293, 0.00389158494019957, -0.00111366887799027, -0.00506942416177376, -0.00727908560403046, -0.0147372823926953, -0.0131590891273064, 0.00578559574165405, -0.0314446823872137, -0.105368064592839, 0.241140873531219, -0.446762923760853, -2.54021904372242, 6.19503692865874, 7.5176402452952, -5.17513895233428 };
DSP_float const_8000_coef_a_2[16]
  = { 0.0523271870344998, 0.0341353557989701, 0.000658382166759134, -0.00936574666118385, -0.100456767325617, -0.0719850443848755, 0.192962449270897, -0.647354000183201, -0.222931291873994, 1.37095277511027, -10.2353292451022, 2.8209877999502, 40.6652112880466, -3.18115591119802, -29.405938847547, 12.4291269024232 };
DSP_float const_8000_coef_a_3[16]
  = { 0.0905052814339469, 0.0569313751380916, 0.205519126678222, 0.0443054833406607, 0.0699719997894362, 0.189713440850778, -3.22674238776781, -0.389492910767922, -1.71803882475921, -11.526425733158, 43.0305660871788, 44.8717053834982, -70.9642139396814, -15.948097267725, 51.5431117714912, -17.7092033215014 };
DSP_float const_8000_coef_a_4[16]
  = { 0.0039957889971318, -0.0639903018841436, -0.227486398074976, -0.54744115454817, -0.189010555532175, -1.45892743199138, 2.71663066593174, 3.70485499039273, 2.49651794331264, 29.814403300497, -13.5757315448229, -56.5863742357166, 55.5987777161896, 27.7545985886371, -50.3722553439634, 16.0764454492077 };
DSP_float const_8000_coef_a_5[16]
  = { -0.046013730447774, -0.0508516383147086, 0.00564582335758387, 0.17160099002419, 0.454477073532049, 1.00421918370327, 2.01274061687659, 0.494107169058799, 5.29095408954588, -4.41486353616702, -4.15331153366358, 25.2855559591857, -19.0398382489336, -18.6399073446721, 28.3225314467133, -9.27484965982354 };
DSP_float const_8000_coef_a_6[16]
  = { 0.0275035792833131, 0.0580220422193074, 0.0960522291806747, 0.165652268036419, 0.250530484696644, 0.339456801563178, 0.388854766181337, 0.344623429734045, 0.52096821372869, -0.760158009938062, 2.51174121121539, -3.33768191744572, 0.678593371195621, 5.90424568902957, -8.38331062280912, 3.14895454770594 };
DSP_float const_8000_coef_a_7[16]
  = { 0.0119937139378992, 0.0167570763384649, 0.0193582336419995, 0.0261001230681728, 0.0333811839902458, 0.037700494096925, 0.0389960575813496, 0.032169685703942, 0.034023707451226, -0.0122712090324565, 0.109523113647572, -0.270552489842049, 0.580523040755871, -0.900083095650701, 0.932883344414839, -0.486757360308898 };
