LPF IIR filter coeficients: sampling rate = 11025, filter order = 7
polynomial order = 15, approximation limit Fa_max = 2500Hz, maximum allowed F_max = 4200Hz
Rp = 1.00, Rs = 70.00

Freq_factor = 3.00

DSP::Float const_11025_coef_b_0[16]
  = { 0.000908714143237937, 0.000538524857331549, 0.00157934930059671, 0.000544620967633376, 0.00603630716109355, 0.00317112560622782, 0.0194763413522117, 0.0177596024122964, 0.047165333894794, 0.0588889161214056, 0.0859987351461739, 0.080123641490897, 0.0609756378232637, 0.0303730012020982, 0.00994249420050285, 0.00151805496898152 };
DSP::Float const_11025_coef_b_1[16]
  = { 0.00530544354409184, 0.00136998302022857, 0.00823241441115447, -0.00362990383563949, 0.0368989740865992, 0.00726738677234838, 0.129385356055161, 0.137757190601411, 0.323663085330906, 0.546003585682856, 0.6771755289325, 0.608063715972453, 0.327071183059335, 0.107761359324489, 0.00972413828639483, -0.00203655305229866 };
DSP::Float const_11025_coef_b_2[16]
  = { 0.0142492473502828, -0.000598255161805978, 0.0189884900943204, -0.0296446355448587, 0.097583129514241, -0.021186063202129, 0.359062682442409, 0.460071042592775, 0.917994302890702, 2.03543826874717, 2.36432921923387, 1.6714523859684, 0.662622076643977, 0.0916539015086147, 0.006217815382224, 0.00325042846233036 };
DSP::Float const_11025_coef_b_3[16]
  = { 0.0228050863887417, -0.0046722957582915, 0.0271107894750724, -0.0675902868879755, 0.150486596036082, -0.0810860885445066, 0.560756152870288, 0.82451089411119, 1.44810383626907, 3.82206845068779, 4.41149104991892, 2.37256316545603, 0.681556080822444, 0.143501087497186, 0.0182414698521076, -0.00051606050250317 };
DSP::Float const_11025_coef_b_4[16]
  = { 0.0228519253695927, -0.00467811315364, 0.0270923002083754, -0.0675879948848883, 0.150489488313537, -0.0810864503918426, 0.560755927017676, 0.824510923043107, 1.44810384528696, 3.82206844947898, 4.41149104975571, 2.37256316548003, 0.681556080823244, 0.143501087497023, 0.0182414698521091, -0.00051606050250294 };
DSP::Float const_11025_coef_b_5[16]
  = { 0.0142085672728634, -0.000593300356885479, 0.0190046913802575, -0.0296465288314166, 0.0975805600384589, -0.0211857740536522, 0.359062887759366, 0.460071020291847, 0.917994294327818, 2.03543826964174, 2.36432921940552, 1.67145238595156, 0.662622076642725, 0.0916539015087171, 0.0062178153822258, 0.00325042846233028 };
DSP::Float const_11025_coef_b_6[16]
  = { 0.00533429074610591, 0.00136756955687029, 0.00822097422390142, -0.003629011042932, 0.0369007877068202, 0.00726725514471849, 0.129385210117219, 0.137757200365574, 0.323663091558596, 0.546003585308912, 0.677175528799482, 0.608063715979001, 0.327071183060517, 0.107761359324457, 0.00972413828639168, -0.00203655305229869 };
DSP::Float const_11025_coef_b_7[16]
  = { 0.000899131195954235, 0.000539343085311625, 0.0015832500517706, 0.00054433595840998, 0.00603566731046041, 0.0031711643701924, 0.0194763953222854, 0.0177595998457831, 0.0471653314254799, 0.0588889162033779, 0.0859987352052087, 0.0801236414899482, 0.0609756378226207, 0.0303730012020945, 0.00994249420050519, 0.00151805496898158 };

DSP::Float const_11025_coef_a_0[16]
  = { -3.10397416851849e-005, 8.10161840014165e-006, 1.14427044275528e-005, -2.99629058958896e-006, -1.65532875032279e-006, 4.37656325393491e-007, 1.19361761300401e-007, -3.2240465868595e-008, -4.54124062759027e-009, 1.27451652923229e-009, 9.0557174743657e-011, -2.6232032136002e-011, -8.9602867502035e-013, 2.16702739069805e-013, 3.51470010122698e-015, 1 };
DSP::Float const_11025_coef_a_1[16]
  = { 0.00478077928259123, 0.000773374436514135, -0.00119424900848081, -0.00450990533844233, -0.00542760544007063, -0.0123057284746205, -0.00845370552166025, 0.00915407059264276, -0.0335628834497378, -0.0974546713753311, 0.262363527037856, -0.490672333997158, -2.47489665724489, 6.45736038745725, 7.07648805955142, -5.42959654411704 };
DSP::Float const_11025_coef_a_2[16]
  = { 0.0345527273242576, 0.0110225360588677, -0.00315190157536303, -0.00824422036624268, -0.0977539101865688, -0.0340108023852857, 0.211489005748103, -0.711152564332714, -0.0336179827220488, 1.40262013928814, -10.5262275328857, 4.63046581542312, 40.1462267759537, -7.40946366681383, -29.0363927231627, 13.4487487061528 };
DSP::Float const_11025_coef_a_3[16]
  = { 0.0702949354830632, 0.0153941966226037, 0.19606539357401, -0.0460963435035652, 0.0693122821542908, 0.164230491919878, -3.28834389574586, 0.632873601168449, -1.75153414440406, -11.1088546484886, 45.3981738304964, 37.1630030796051, -76.6891175784887, -8.21706050194055, 52.3890843948882, -19.5225130890102 };
DSP::Float const_11025_coef_a_4[16]
  = { -0.0185512554549608, -0.0611394481134424, -0.187735265458356, -0.453076781066663, 0.0183112395920733, -1.42749890878293, 3.21758665273841, 2.77356738054465, 1.58941018694182, 29.3211055749615, -19.7569607981819, -53.6796055138347, 63.2999124700289, 21.5331488673981, -52.0953025549673, 17.8639176299697 };
DSP::Float const_11025_coef_a_5[16]
  = { -0.0341267113910473, -0.0293049329534666, 0.0204118601296828, 0.165096933631837, 0.384498903645172, 0.843458900951066, 1.69138220691149, -0.0855607135582514, 5.23632449119385, -5.69615572374578, -3.0955510835037, 25.9212573506289, -22.6125242836081, -16.462432431346, 29.5485090612816, -10.2840971500785 };
DSP::Float const_11025_coef_a_6[16]
  = { 0.0214166607629313, 0.0450075628722814, 0.0733807279282027, 0.127570938360142, 0.189194063327732, 0.255637610986136, 0.285827931222821, 0.239537782833686, 0.440252841296744, -0.876854671371761, 2.68330213965713, -3.79012693991253, 1.17525276012171, 5.80784696152683, -8.7919421847439, 3.44837259370696 };
DSP::Float const_11025_coef_a_7[16]
  = { 0.00849359678702946, 0.0113975020850304, 0.0139081850176385, 0.0186610768273055, 0.0238984618940103, 0.0268159671385438, 0.0278708206544294, 0.0217781744424297, 0.0265807041572993, -0.0196075610985183, 0.112888981589603, -0.289915640218597, 0.619596469955431, -0.962820917214888, 0.997807782595135, -0.520400406870785 };
