LPF IIR filter coeficients: sampling rate = 22050, filter order = 7
polynomial order = 15, approximation limit Fa_max = 5500Hz, maximum allowed F_max = 8500Hz
Rp = 1.00, Rs = 70.00

Freq_factor = 3.00

DSP::Float const_22050_coef_b_0[16]
  = { 0.00148519110196272, 0.00121942350527604, 0.00173651342197924, 0.00123960950466948, 0.00644145375670019, 0.00550042597009575, 0.0209429715197606, 0.023925755773314, 0.0528268174824059, 0.0707594850271442, 0.0992052430048104, 0.095837964734214, 0.0729203590934811, 0.0371862572563644, 0.012233521530726, 0.00189388505621849 };
DSP::Float const_22050_coef_b_1[16]
  = { 0.00910305276060509, 0.00549642150104268, 0.00814334106557393, -0.000249897533641651, 0.0363949552889503, 0.0209606906241819, 0.134166064922321, 0.177976148632124, 0.366588006914291, 0.627959389229045, 0.796793853919767, 0.733164330945055, 0.41808060444998, 0.145634630408045, 0.0182904306205829, -0.00156741198506947 };
DSP::Float const_22050_coef_b_2[16]
  = { 0.0255302944646884, 0.0108792529817268, 0.0163146044533724, -0.022537074307126, 0.087825084016868, 0.0134821558869755, 0.357780643964444, 0.569485963945953, 1.05808239963157, 2.27009529150011, 2.8031020353378, 2.1101814417522, 0.919030252535786, 0.171843029100053, 0.0150320712974718, 0.00359637851939363 };
DSP::Float const_22050_coef_b_3[16]
  = { 0.0417075849985705, 0.0139949824476851, 0.0207453961991957, -0.0581616956351928, 0.126345802541775, -0.0292957339803412, 0.542113306799707, 0.992859410833103, 1.69550012928716, 4.19539892540139, 5.2285979504582, 3.19121935531659, 1.05846952276651, 0.231331029617356, 0.0307730134430675, 0.000300620208807295 };
DSP::Float const_22050_coef_b_4[16]
  = { 0.041697849723362, 0.0139964038992638, 0.020750660508115, -0.0581623160865549, 0.126344633868351, -0.0292956319449687, 0.542113444129362, 0.992859403240155, 1.69550012012042, 4.19539892561968, 5.22859795080262, 3.19121935531788, 1.05846952275989, 0.231331029617199, 0.0307730134431147, 0.000300620208809165 };
DSP::Float const_22050_coef_b_5[16]
  = { 0.0255360453680682, 0.0108784780958714, 0.0163115447793038, -0.0225367346520226, 0.0878257527409876, 0.0134820997846675, 0.357780566424011, 0.569485968140775, 1.05808240476277, 2.27009529137849, 2.80310203514528, 2.11018144175156, 0.919030252539508, 0.171843029100137, 0.0150320712974451, 0.00359637851939261 };
DSP::Float const_22050_coef_b_6[16]
  = { 0.0091011812770476, 0.0054970519299296, 0.00814436477627997, -0.000250182991638414, 0.0363947246935986, 0.020960740702669, 0.134166092508355, 0.17797614438031, 0.366588005032608, 0.627959389405241, 0.796793853992326, 0.733164330942057, 0.418080604448545, 0.145634630408049, 0.0182904306205934, -0.00156741198506919 };
DSP::Float const_22050_coef_b_7[16]
  = { 0.00148442891969068, 0.00121951427601949, 0.00173693789248039, 0.00123956774870554, 0.00644135783979323, 0.00550043346502307, 0.0209429827753162, 0.0239257551191529, 0.0528268167543366, 0.070759485054543, 0.0992052430301842, 0.09583796473383, 0.0729203590930511, 0.0371862572563593, 0.0122335215307288, 0.0018938850562186 };

DSP::Float const_22050_coef_a_0[16]
  = { 2.72763895884815e-006, -2.38967807293048e-006, -1.3274667059271e-006, 1.19439803382792e-006, 2.3975081165633e-007, -2.32407898256254e-007, -1.89607160432417e-008, 2.21391579831722e-008, 4.90830782349001e-010, -1.0604529359114e-009, 1.29967949392508e-011, 2.32058197273135e-011, -7.28556525687638e-013, -1.68998625632035e-013, 5.16665631293395e-015, 1 };
DSP::Float const_22050_coef_a_1[16]
  = { 0.00757925171627063, 0.00421931105017572, -0.00127374060140432, -0.00522649302454847, -0.00720319019261018, -0.0146428965393158, -0.0130365382627311, 0.00588378735181705, -0.0314842520380493, -0.105180696744658, 0.241677984686683, -0.447789326196121, -2.53869769697208, 6.20151513953947, 7.50709895897279, -5.18152702250457 };
DSP::Float const_22050_coef_a_2[16]
  = { 0.0543029293430672, 0.0362272301815683, -0.000788883639815865, -0.0104868556072673, -0.100148310135604, -0.0708700625290415, 0.193549133920936, -0.648846681256096, -0.218521366847007, 1.37226716453546, -10.2423272947436, 2.86452022078315, 40.6555420654756, -3.28488139331425, -29.4004405130111, 12.4541296272366 };
DSP::Float const_22050_coef_a_3[16]
  = { 0.0921743238929005, 0.0594618811728071, 0.203877860982949, 0.0405554473441458, 0.0697403745386237, 0.189292653970626, -3.22837449011575, -0.364810020272604, -1.71547207293481, -11.516206343896, 43.0893482773099, 44.6886273032534, -71.1165275011872, -15.7668716997492, 51.5700803375845, -17.7530439862451 };
DSP::Float const_22050_coef_a_4[16]
  = { 0.0079419809036479, -0.060616967205375, -0.228653995332102, -0.546322486454707, -0.183067065181156, -1.45696518230365, 2.72899352740746, 3.68399985215581, 2.47138747157294, 29.7996186214425, -13.7278081122311, -56.5283309826579, 55.7911498476118, 27.6125195575154, -50.4193362962926, 16.1192990342042 };
DSP::Float const_22050_coef_a_5[16]
  = { -0.0461353814728399, -0.0519038803181905, 0.00640488454747368, 0.172201438728122, 0.452680536333981, 0.999870615171477, 2.00422512312522, 0.478744432627659, 5.28764478117185, -4.44634773971946, -4.13070638452069, 25.3031666046253, -19.1258735187658, -18.5912266026434, 28.3541906053253, -9.29894691146059 };
DSP::Float const_22050_coef_a_6[16]
  = { 0.0278785489443082, 0.058565270052977, 0.0951449047290725, 0.164231031396563, 0.248893147001735, 0.337178850070427, 0.385973125072717, 0.341654033038079, 0.518634211984441, -0.76325187580565, 2.51562745954444, -3.34836934860699, 0.689964202088439, 5.90250008763113, -8.39335037673056, 3.15608748201473 };
DSP::Float const_22050_coef_a_7[16]
  = { 0.0120991525270645, 0.0171518029142162, 0.0190795865085756, 0.0256665039181676, 0.0331355590222844, 0.0374241127577557, 0.0386746001611206, 0.031869806968399, 0.0338060015551551, -0.0124729779621748, 0.109586234033733, -0.271018285065174, 0.581444079447703, -0.90156519621965, 0.934415357935374, -0.487551279646606 };
