LPF IIR filter coeficients: sampling rate = 44100, filter order = 5
polynomial order = 15, approximation limit Fa_max = 11000Hz, maximum allowed F_max = 18000Hz
Rp = 1.00, Rs = 70.00

Freq_factor = 3.00

DSP::Float const_44100_coef_b_0[16]
  = { 0.00153835421038035, 0.00160569049088676, 0.00176707689314502, 0.000956190013299232, 0.00438432393267122, 0.000425185656945175, 0.01562171896873, 0.00046950593741569, 0.0461391554895696, 0.0309318533214351, 0.0825882039052966, 0.14042639894792, 0.14259529948133, 0.0808839729942036, 0.0255240562143994, 0.00351395647899147 };
DSP::Float const_44100_coef_b_1[16]
  = { 0.00759907689348922, 0.00778688593889659, 0.00841584492294786, 0.00359145396551967, 0.0202768065634116, -0.00222363017298953, 0.0770491235732206, -0.00855941021220254, 0.230122751826811, 0.169716234139753, 0.386699868939, 0.820056023649408, 0.74122789635152, 0.344166770563755, 0.0734641917017905, 0.00468075175146397 };
DSP::Float const_44100_coef_b_2[16]
  = { 0.0151503432607653, 0.0153404672618325, 0.0164673839249935, 0.00600072414618142, 0.0387985270644554, -0.00919802483041884, 0.153160057211195, -0.0298960005794736, 0.458750260903388, 0.358317676015051, 0.737876876984507, 1.77860537525848, 1.52940854844975, 0.576865134233179, 0.102108884289761, 0.00763295656194618 };
DSP::Float const_44100_coef_b_3[16]
  = { 0.0151500249193311, 0.0153405088083483, 0.016467550677739, 0.00600072971779467, 0.0387984948060985, -0.00919803204439154, 0.153160059745749, -0.0298959991624468, 0.458750260883434, 0.35831767590145, 0.737876876977189, 1.77860537526234, 1.52940854845004, 0.576865134233136, 0.10210888428976, 0.00763295656194623 };
DSP::Float const_44100_coef_b_4[16]
  = { 0.00759527925512045, 0.0077873604720785, 0.00841805335115485, 0.00359126501152663, 0.0202762895004888, -0.00222360497742282, 0.0770491853001493, -0.00855941119840366, 0.23012274791758, 0.169716234097641, 0.386699869061925, 0.820056023652892, 0.741227896349967, 0.344166770563709, 0.0734641917017952, 0.00468075175146404 };
DSP::Float const_44100_coef_b_5[16]
  = { 0.00153527515874304, 0.00160565930183672, 0.00176876433965125, 0.000956235562704647, 0.00438395332024795, 0.000425169697499601, 0.0156217602644668, 0.000469508307131573, 0.0461391530652746, 0.0309318531556773, 0.0825882039750554, 0.140426398952996, 0.142595299480549, 0.0808839729941555, 0.0255240562144015, 0.00351395647899153 };

DSP::Float const_44100_coef_a_0[16]
  = { 4.3972171602365e-006, -6.68710306568641e-006, -2.10709317703054e-006, 3.01189575158132e-006, 4.07158548201289e-007, -5.28048206353355e-007, -4.06192725601916e-008, 4.53288798969143e-008, 2.22857579128922e-009, -1.9575020421195e-009, -6.59844670804793e-011, 3.84643818181408e-011, 8.94999003057545e-013, -2.37515937262109e-013, -1.13275912969983e-015, 1 };
DSP::Float const_44100_coef_a_1[16]
  = { 0.0054433117165713, 0.00443169492942927, 0.0114795880811668, -0.00578862588890306, 0.0132822297803245, -0.00188679790134994, -0.0381064495611426, 0.0212049744950972, -0.00379415511051493, -0.182327144523112, 0.206259908086222, 0.130114956705386, -1.81591000478166, 3.68501008997977, 5.47278917784538, -3.56388018213134 };
DSP::Float const_44100_coef_a_2[16]
  = { 0.0219270314248517, 0.019504176668358, 0.020931443406875, 0.0243694075859942, 0.0687053243335776, -0.108635644998555, 0.127100687619016, -0.0610449250150571, -0.981852411796051, 1.24009521493348, -1.30331819588348, -1.20719010648566, 14.6735549532862, 1.1821940023539, -13.1438120640889, 5.69504288398954 };
DSP::Float const_44100_coef_a_3[16]
  = { 0.0111087590652825, 0.00684516182956169, 0.00763299142372886, -0.0368039970284669, -0.0354014972932153, -0.0367909186339764, 0.167586491876382, -0.393538857285556, 1.8059229869392, 0.131502297141656, 1.40736715532879, 9.06356805011057, -9.36968371309532, -5.81612613540105, 13.0306761071911, -4.96676692085651 };
DSP::Float const_44100_coef_a_4[16]
  = { 0.00408683109775621, 0.0126459737359927, 0.0036902420164396, 0.0246372235432567, 0.0578875154671916, 0.0921179784512218, 0.188610230626957, 0.304361909725065, 0.582396244865712, -0.103117557010258, 1.97403999932048, -2.23750826558793, 0.7230276737526, 3.87580565537337, -5.8924950230294, 2.34973678254607 };
DSP::Float const_44100_coef_a_5[16]
  = { 0.00594042045099634, 0.00604808790500422, 0.00959962750928772, 0.0146786572969895, 0.0224394490994274, 0.0332031779805075, 0.0464714325448936, 0.0530450205949188, 0.0673516424534149, 0.0317787197860711, 0.129981033497249, -0.270809039113245, 0.615474579396823, -0.923051856722984, 0.935036066493675, -0.482477233962952 };
