LPF IIR filter coeficients: sampling rate = 32000, filter order = 6
polynomial order = 15, approximation limit Fa_max = 8000Hz, maximum allowed F_max = 13000Hz
Rp = 1.00, Rs = 70.00

Freq_factor = 3.00

DSP_float const_32000_coef_b_0[16]
  = { -0.00131737309627933, -0.000819109583754237, -0.000383634058084711, 0.00190906076266579, 0.000532430149611066, 0.00956064745408809, 0.00530911176684888, 0.0308053156686932, 0.0304883631015583, 0.0679484879219824, 0.097971620033274, 0.120493250183283, 0.0953090221406969, 0.0509257390133559, 0.016091784149567, 0.00239015109613644 };
DSP_float const_32000_coef_b_1[16]
  = { -0.00881738099577157, -0.00625740660995474, -0.00440720258321236, 0.00884291374813995, -0.00355784279389866, 0.0529538635936629, 0.0183482133392019, 0.178997635840091, 0.201126847884019, 0.392831490614089, 0.723605510136488, 0.795241968195778, 0.547672007124707, 0.20595003137458, 0.0365213561471959, 0.000403751406920369 };
DSP_float const_32000_coef_b_2[16]
  = { -0.0232272196446626, -0.0174332643947461, -0.0141656267321498, 0.0180841658633855, -0.0207278634034073, 0.12485045586592, 0.0195068324070274, 0.432274640990695, 0.541663072246584, 0.936932146338752, 2.07494653311517, 2.18274686367785, 1.18106540756593, 0.334259544338679, 0.0379876920892972, 0.00427619877037708 };
DSP_float const_32000_coef_b_3[16]
  = { -0.0314416973045367, -0.0239631832399429, -0.0202646531561329, 0.0223247424426656, -0.0333519647220972, 0.162926956837675, 0.0124832059850147, 0.56750551990318, 0.743320080998828, 1.22149687076323, 2.90303712252467, 3.02844129428305, 1.43450452462226, 0.351656522739761, 0.0612821333541149, 0.00163814546071015 };
DSP_float const_32000_coef_b_4[16]
  = { -0.0232263009585304, -0.0174328841972923, -0.0141659870011042, 0.0180840121316582, -0.0207278126094236, 0.124850479048652, 0.0195068294371471, 0.432274639379131, 0.541663072295419, 0.936932146391083, 2.07494653311652, 2.18274686367708, 1.18106540756588, 0.334259544338684, 0.0379876920892976, 0.00427619877037707 };
DSP_float const_32000_coef_b_5[16]
  = { -0.00881670912771005, -0.00625701196878167, -0.00440742470659339, 0.0088427489800602, -0.00355782201855324, 0.0529538895446584, 0.018348213548631, 0.178997633923727, 0.201126847765758, 0.392831490681507, 0.723605510141629, 0.795241968194734, 0.54767200712464, 0.205950031374586, 0.036521356147196, 0.000403751406920365 };
DSP_float const_32000_coef_b_6[16]
  = { -0.0013170331033728, -0.000818911157640963, -0.000383744080073661, 0.0019089799230059, 0.000532439549693314, 0.00956065976783873, 0.0053091120812406, 0.0308053147993358, 0.0304883630215949, 0.0679484879510549, 0.0979716200369442, 0.120493250182831, 0.0953090221406332, 0.0509257390133589, 0.0160917841495675, 0.00239015109613644 };

DSP_float const_32000_coef_a_0[16]
  = { 3.08959772203467e-006, 1.25774642639073e-006, -1.74259651920741e-006, -5.66824922546056e-007, 3.72266714555968e-007, 1.04814306232135e-007, -3.81601705699303e-008, -1.02672755456707e-008, 1.93709809744656e-009, 5.6000994945422e-010, -4.41120368732914e-011, -1.56844899218683e-011, 2.88614744700416e-013, 1.74888007922792e-013, 1.51465595399155e-015, 0.999999999999999 };
DSP_float const_32000_coef_a_1[16]
  = { -0.00864311149957283, -0.00485086823230148, -0.00489966074422283, 0.000886435453815794, 0.00875691878622186, 0.00603697260976945, 0.00632974706816901, 0.0387377467537756, -0.00524246315379119, -0.120463483498216, 0.236852567102855, -0.137985519035337, -2.13127461312182, 4.90538285704822, 6.45406106828107, -4.37713769621221 };
DSP_float const_32000_coef_a_2[16]
  = { -0.0400706327589857, -0.0363698208346279, -0.0377020134804676, 0.0149706085491945, 0.00289346955029017, -0.0126396074466374, 0.342291253593588, -0.235557416189619, -0.635969466045017, 1.66143275505915, -4.68733447299223, 0.299299620050228, 25.6799346435935, -0.644605388673743, -20.3743064806456, 8.75867838776896 };
DSP_float const_32000_coef_a_3[16]
  = { -0.0296057818964229, -0.00947141433127797, -0.0359052051486222, 0.000668014086411992, -0.321841958689273, 0.0720692798307514, -1.00828133393575, -0.490356143414569, 3.07211249438012, -2.79609413867833, 13.4459843304484, 22.0834817122386, -30.5953229656596, -9.95575243575442, 27.9185803697215, -10.0699144250748 };
DSP_float const_32000_coef_a_4[16]
  = { -0.0385534126100992, -0.0581666711000303, -0.0427707907130792, -0.0301711544650868, 0.0424733875528981, 0.255104183823376, 0.383078058909004, 2.26754912923868, -0.120937593039164, 4.64913272263431, 2.67543683044866, -15.0805352845734, 13.9556553040117, 11.3662013700668, -19.9150604563419, 6.9735883874134 };
DSP_float const_32000_coef_a_5[16]
  = { -0.000705148957055446, 0.0156037242347831, 0.040971398438259, 0.0814794717632039, 0.145939107961613, 0.243237992356091, 0.342584374891707, 0.448596267062754, 0.226590579400693, 1.0582331871011, -1.83081077522318, 2.90087726753991, -0.618751204171336, -4.85940650418634, 7.1217604561276, -2.752400746553 };
DSP_float const_32000_coef_a_6[16]
  = { 0.00741307849093859, 0.0113734179670482, 0.0150401767777829, 0.021923788826488, 0.0310523454024169, 0.0394519257958511, 0.0448664482207851, 0.0486279543319052, 0.0327302942538803, 0.0548185795505475, -0.0829612474453121, 0.285937376678405, -0.587473087992761, 0.909274673812514, -0.932963660775859, 0.484889690300597 };
