LPF IIR filter coeficients: sampling rate = 48000, filter order = 5
polynomial order = 15, approximation limit Fa_max = 12000Hz, maximum allowed F_max = 20000Hz
Rp = 1.00, Rs = 70.00

Freq_factor = 3.00

DSP::Float const_48000_coef_b_0[16]
  = { 0.00159136416326228, 0.00163495211230379, 0.00176115030569444, 0.000971593855581879, 0.0043989219702191, 0.000466966624886874, 0.0156250578888481, 0.000589013234882127, 0.0461427788425391, 0.0312065040638833, 0.0827467195250193, 0.140777875703831, 0.143073537859196, 0.0812483462574501, 0.025661923659888, 0.00353571918162449 };
DSP::Float const_48000_coef_b_1[16]
  = { 0.00786621814474417, 0.00793230183519548, 0.00838234468002804, 0.00366369826475152, 0.020337819464955, -0.00203014828042734, 0.0770287490973536, -0.00797012499162736, 0.230066644710141, 0.171085856149025, 0.387569259200048, 0.821702001208549, 0.744020000821361, 0.346061218223897, 0.0740511192541246, 0.00474347061795029 };
DSP::Float const_48000_coef_b_2[16]
  = { 0.015690155019125, 0.0156313576094911, 0.0163949088933725, 0.00614086155021497, 0.0389089897723024, -0.00882747720510585, 0.153078790136671, -0.0287247702662586, 0.458551104853995, 0.361047761306808, 0.739711987400578, 1.78174650259804, 1.53546356650545, 0.580774407622542, 0.103093269465947, 0.00772020190449489 };
DSP::Float const_48000_coef_b_3[16]
  = { 0.0156912442124881, 0.0156315841833682, 0.0163943085157875, 0.00614077424436857, 0.0389091265926739, -0.00882746638778691, 0.153078773418384, -0.0287247705377031, 0.458551106029994, 0.361047761269655, 0.739711987354365, 1.78174650260051, 1.5354635665063, 0.580774407622502, 0.103093269465944, 0.00772020190449495 };
DSP::Float const_48000_coef_b_4[16]
  = { 0.00786553019178082, 0.00793288265626939, 0.0083829606313438, 0.00366344348476744, 0.0203376272372255, -0.00203010679576545, 0.0770287774565736, -0.00797012800370676, 0.230066642586623, 0.171085856237201, 0.387569259277178, 0.821702001208082, 0.744020000820239, 0.346061218223892, 0.0740511192541284, 0.0047434706179503 };
DSP::Float const_48000_coef_b_5[16]
  = { 0.00158975224785227, 0.00163499246804502, 0.00176207467151817, 0.000971599684910987, 0.00439871045743374, 0.000466959445013012, 0.0156250822958181, 0.000589014630382742, 0.0461427773718025, 0.0312065039539023, 0.0827467195677966, 0.14077787570742, 0.143073537858729, 0.081248346257415, 0.0256619236598892, 0.00353571918162453 };

DSP::Float const_48000_coef_a_0[16]
  = { -9.08411457353066e-006, 5.08425081947511e-006, 4.23038694214512e-006, -2.4090642434338e-006, -7.782691349139e-007, 4.51591135356622e-007, 7.17242534624828e-008, -4.25341034888053e-008, -3.44767505464876e-009, 2.09779774220579e-009, 8.01120397518285e-011, -5.02504402943387e-011, -6.50787022254991e-013, 4.47602247782236e-013, -5.87499090371776e-016, 1 };
DSP::Float const_48000_coef_a_1[16]
  = { 0.00558156974493753, 0.00451822371335126, 0.0114675629937637, -0.00566824442263034, 0.0132360532497574, -0.00176183199729391, -0.0381231348761667, 0.0209132190512496, -0.00365083572396613, -0.182349299907334, 0.205329609069246, 0.130989934466246, -1.8154659477039, 3.68037823226461, 5.4790522629928, -3.55922378640272 };
DSP::Float const_48000_coef_a_2[16]
  = { 0.0222578756141466, 0.0198973493736893, 0.0210062966384147, 0.0245505052967353, 0.0689855127471761, -0.107982639447147, 0.126176732292628, -0.0600765540069841, -0.98226423458297, 1.23424966270809, -1.29700609444261, -1.21271799698485, 14.6694394557504, 1.2196212951445, -13.1417697026542, 5.68386703689115 };
DSP::Float const_48000_coef_a_3[16]
  = { 0.0120215222659578, 0.00709799360254773, 0.00728438105393308, -0.0367666115891684, -0.0356958839389042, -0.0371160055093666, 0.167264599249338, -0.392258127439876, 1.80325059381218, 0.142243903951644, 1.40806548447426, 9.06955321871521, -9.33884507221576, -5.83998905909484, 13.0207644334611, -4.95569062523385 };
DSP::Float const_48000_coef_a_4[16]
  = { 0.00433922902476762, 0.0127719497998547, 0.00372205097279275, 0.0246452886912908, 0.0581613963048063, 0.092666599356128, 0.189393751896441, 0.305807831146241, 0.58447175530169, -0.0996447169245381, 1.97352274067432, -2.22911634477659, 0.715431374047243, 3.87764041850283, -5.88590195389378, 2.34472896048102 };
DSP::Float const_48000_coef_a_5[16]
  = { 0.00606103032942899, 0.00614111136025814, 0.00961492087925794, 0.014777710075569, 0.0226005212315217, 0.0334150266838855, 0.0467536478356116, 0.0534016491074683, 0.0677137562103634, 0.0321807030386434, 0.130144193065128, -0.27025605261797, 0.614554400487173, -0.921482942607101, 0.933467584854092, -0.481682802327474 };
